+-------------------------+-------------------------+-------------------------+-------------------------+-------------------------+-------------------------+-------------------------+-------------------------+
| 60 54 26 48 50 47 57 10 |  8 24 63 46 42 55 51  5 | 18 23 32 35 36 14 13 15 | 34 27 28 40 52 12 21 64 | 44 30  3  7 45  2 31 49 | 43 59 11 56 53  1 29  6 | 20 58 38  4 33  9 17 61 | 41 22 39 62 16 37 25 19 | 
| 52  5 36 51 64  7 35 11 | 44 57  4 22 49 29 61 45 | 25 56 40 62 50 53  2 20 | 54 37  3  8 23 46 60  9 | 10  1 28 16 39 58 12 41 | 42 34 30 14 38 18 33 21 | 32 31 24 63 59 55 19 43 | 27 15 17  6 47 26 13 48 | 
| 24 21 31 62 19 34 17 16 | 37 47 32 18 27  9  6 30 | 12 48 55  8 46 10 22 58 | 14 50 59  2  1  4 41 57 | 11 43 38  5 60 13 63 20 | 35 44 39  3 54 40 26 36 | 51 45 15 53 25 49  7 28 | 42 23 56 29 33 61 64 52 | 
|  9 12  6 25 30 18 55 20 | 14 33 60 41 28 10 17 31 |  5 24 49  3 16 59 19  4 | 36 38 51 53 48 61 44 63 | 15 64 27 29 26 37 46 56 | 62 13  7 57 52 32 47 50 |  1 39  8 22 23 42 34 21 | 11 40 45 35 43 58  2 54 | 
| 32 58 27  1  2 23 46 43 | 59 48  3 52 21 40 15 13 | 39 34 57 47 45 17 31 28 | 11 18 55 62 26 30 19  7 | 35 36 33 53  8 50 22 42 | 61 60 25  9 49 41  4 64 | 10  6 54 16 44 29 37 56 | 12 20 24 38  5 51 63 14 | 
| 61 63 45 41  8 56 53 40 | 43  1 36 23 38  7 12 35 | 42 44 29 21 64 30 33 37 | 13 32 58 25 49 39 22 17 | 14  4 54 52 48 24  6  9 |  2 46 20 55 16 51 19 15 | 50  5 27 11 62 26 47  3 | 60 59 10 31 18 28 34 57 | 
| 28 49  4  3 15 38 37 13 | 39 50 53 64 11 20 62 25 | 61 26 63 41 60 51 54  6 | 56 33 43 47 16 42 29  5 | 17 40 59 57 19 34 23 32 | 27 10 31 58 45 24 12 22 | 30 48 14 36 35 18 52  2 | 44 55 46  8 21  7  9  1 | 
| 44 59 22 14 39 29 33 42 | 34 54 26 16 56 58 19  2 | 11 27 43  9 52  1 38  7 | 31 10 24 15  6 35 45 20 | 25 51 18 61 55 47 21 62 | 28 48 17 37 63 23  8  5 | 60 41 46 13 12 40 57 64 |  3 30  4 32 50 49 53 36 | 
+-------------------------+-------------------------+-------------------------+-------------------------+-------------------------+-------------------------+-------------------------+-------------------------+
| 17 34 61 28 11 20 12  6 | 63 36 37 56 60  3 50 33 | 58 54 22 39 27 55 57 29 |  5 64 42 59 38 52 18 23 |  2 45 13 48 24 16 41  1 |  7 21  8 62 31 19  9 25 | 49 30 32 15 51  4 46 10 | 26 35 14 40 44 47 43 53 | 
| 21 48 25 50 49 46 10 59 |  6 11 16  7 52 34 45 38 | 19 18 28 17  9 60 51 35 | 41  2 13 14 22 40 58 37 |  5 27 26 55 47 56 61 63 | 44 29 23 30 33 36 42  3 | 24 62 20 39 43 31 53  1 | 64  8 32  4 54 12 57 15 | 
| 45 22  2 23 43 19  9 35 | 20  5 17 12 18  8 28 24 | 26 15 44  1 11 38  3 14 | 47 48 16 32 51 21 31 34 | 40 46 36 39 50 54 64  7 | 63  4 10 27 13 53 52 57 |  6 61 59 33 41 56 58 60 | 37 62 49 25 30 29 42 55 | 
| 26 31 39 58 55 63 16 53 | 13 40 64 43 57  4 25 14 | 36 21 62 42  7 24 48 52 |  1 56  8 33 44  9 50  6 | 30 32 49 60  3 28 29 38 |  5 11 46 15 20 61 22 37 | 35 23 47 54 19 45 27 12 | 34 17 51 10  2 41 59 18 | 
| 29 56 54 18 41 33  5 27 | 35 39 59 48 10  1  2 22 | 50 30 64 37 23  8  4 31 | 57 12 25 49 60  7 28 11 | 62 53 44 15 42 20 14 52 | 40 55 24 47 32 43 51 45 | 34 21 63 26 17  3 36 16 | 58  6 38 13 19  9 61 46 | 
|  3  1 32 44  7  8 64 36 | 53 42 61 27 15 62 47 41 |  2 12 46 43 25 49 10 56 | 30  4 19 54 35 17 39 45 |  6  9 21 33 51 57 37 58 | 38 50 59 34 26 28 16 18 | 13 55  5 52 14 48 29 40 | 23 11 60 63 20 31 24 22 | 
|  4 30 62 40 37 52 14 57 | 54 51 23 32 29 21 46  9 | 33 13 61 34 47 20 53 41 | 26 63 36 55 10 43 15 24 | 59 31 25 19 17 11  8 35 |  6 58 60 49 12 48 64 56 | 28 42 22 38  7  2 18 44 |  5 39 16  1 45  3 50 27 | 
| 51 13 42 60 47 24 38 15 | 31 26 19 55 30 44 58 49 | 45 63  6  5 40 16 59 32 | 29 20 46 61 27 62 53  3 | 22 23  4 12 10 18 43 34 | 14 41 35  1 17 54 39  2 | 57  8  9 25 11 37 64 50 | 56  7 48 36 52 33 21 28 | 
+-------------------------+-------------------------+-------------------------+-------------------------+-------------------------+-------------------------+-------------------------+-------------------------+
|  1 18 15 29  3  9  4 26 | 40 34 38 51 22  5 10  8 | 14 50 20 46 59 19 61 12 | 58 25 17 44 31 24 33 56 | 16  7 11 41 28 53 35 39 | 30  6 37 64 60 55 54 49 | 43  2 57 32 21 36 48 47 | 63 42 62 52 27 13 23 45 | 
| 48 41 44 46 38 40 22  5 | 17 63 45 54  6 14 39 37 | 24 55 58 49 26 57 32 11 |  9 61  2 35 29  1 59 50 | 51 56 62 36 64 30 60 13 | 21 16 19 23 47 42 18 31 | 52 33  3  7 27 15 10 25 | 53 34 28 43  8 20  4 12 | 
| 59 45 14 19 20 32 54 17 | 16 64 48 13 12 15 27 56 | 22 31  8 53 18 47 37 39 | 49 42 34 57 46 28  7 30 | 52 50 43  6 23 21  2 44 | 25  1  9 10 41 29 63  4 | 62 51 58 55  5 60 61 24 | 40 36 26  3 35 38 33 11 | 
| 27 39 30 16 57 35 31 61 | 24 62 18 11 55  2  7 21 | 51  5  9 48 41 34 17 64 | 12 60 32 23  4 10 47 36 |  8  3 40 38 33 59 25 22 | 52 43 58 28 56 44 20 13 | 42 53 29 45 49 14 26 63 | 15 54 19 50 46  1  6 37 | 
| 64 33 28 42 24 55 34 56 | 25 29 41 53 36 46 43 32 | 60 16 52 54 63 44  6 23 | 45 22 40 37 21 19  3  8 |  4 49 10 26 15 12 27 18 | 50 39 48  2 14 38 57 62 |  9 13 30 20  1 59 35 11 | 61 47 31 58  7  5 17 51 | 
| 13 25 43 53 21 36 47 23 | 52 35  9 58 50 49 33 59 | 29  2 38 56 15 27 62 45 |  6 41 14 18 55 63 11 16 | 54  5 46 42  1 32 20 31 |  8 24 40  7 51 26  3 61 | 12 34  4 19 37 22 28 17 | 30 10 64 57 39 48 60 44 | 
| 63  7 51  2 10 60 58  8 | 26 30 31 47 20 28  3 44 | 43  4 36 33 42 21  1 13 | 62 52 38 64 15 27  5 53 | 29 61 37  9 57 19 48 14 | 34 22 45 17 11 59 35 12 | 54 18 50 23 46 39 40  6 | 49 24 25 41 56 16 55 32 | 
| 49 52 37  6 12 11 62 50 | 57  4  1 19 61 23 60 42 |  7 28 35 40 30  3 25 10 | 51 54 26 39 13 48 20 43 | 24 47 63 34 58 17 45 55 | 53  5 33 36 15 27 46 32 | 56 44 64 41 38 16 31  8 | 21 29  9 59 22 14 18  2 | 
+-------------------------+-------------------------+-------------------------+-------------------------+-------------------------+-------------------------+-------------------------+-------------------------+
| 14 60 10 24 33 61 21 29 | 55 19  6  9 58 43 22  4 |  1 39 41 51 49 31 63 62 |  3 15 12 26 20 57 54 48 |  7 34 17 23 25 35 36 45 | 13 18 53 42  8  2  5 30 | 27 38 16 59 28 46 56 37 | 32 52 50 47 11 64 44 40 | 
|  8  6  9 31  5 17 43 46 | 23 41 15 59 51 64 26 63 | 37 60 56 11 48 45 55 42 | 44 35 33 13 28 36 24 10 | 50  2 12 32 14 22 40 27 | 39 20 38 52 61 16  7 58 | 21 49 18 29 47 53  1 34 | 54  4  3 30 57 19 62 25 | 
|  2 28 49 45 51 39 23 38 | 30 14 11 44 16 35  5 12 | 52 32 19 59 22 29 27 53 |  7 21 18 34 64 50 37 60 | 20  8 24  3  6 26 62  4 | 56 57 47 25  1 10 15 33 | 55 54 36 40 58 13 41 48 | 31 43 61 42 17 63 46  9 | 
| 37 19 34 32 18 57 27  3 | 29 61 47 36 17 50 56 40 | 20 10  4 23 38 46  8  9 | 42 39 30 11 25 59 43  2 | 64 13 60 54 16 55  1 21 | 31 26 41  6 48 62 49 63 | 22 35 52 12 24 44  5 51 | 28 45 53 33 14 15  7 58 | 
| 30 15 11 59  1 53 48 58 |  7 49 34  8  2 39 31 10 | 17 33 18 16 24 61 50 54 | 19 62 47 63  9 22 27 52 | 37 38 42 56 41 44 51 57 | 23 45 28 35 36 14 40 46 |  4 25 60 43  3 64 32 26 | 13 21  5 55 12  6 20 29 | 
| 42 50 35 13 25 16 36  7 | 60 52 27  3 62 54 21 28 | 40 57 15 64 58  2 12  5 |  4 51  6  1 14 56  8 32 | 53 48 47 43 29 46 30 11 | 24  9 34 44 55 17 37 59 | 33 19 31 61 20 63 45 39 | 18 49 23 22 38 10 26 41 | 
| 12  4 64 20 52 41 40 47 | 32 45 24 25 48 18 13 46 | 34 35 30 28 44 26  7  3 | 53 29  5 58 61 23 55 38 | 19 63 31 49  9 33 59 10 | 51 54 21 50 27 22 43 11 |  8 15 17 14 42 62  6 57 |  2 37 36 56 60 39  1 16 | 
| 54 26 56 55 22 62 63 44 | 42 20 57 38 53 33 37  1 | 21 14 13 25  6 36 47 43 | 46 17 45 41 40 16 49 31 | 58 18 61 28  5 52 39 15 | 19 12  3  4 64 60 32 29 | 23  7 10 30  2 11 50  9 | 59 51 35 48 34  8 27 24 | 
+-------------------------+-------------------------+-------------------------+-------------------------+-------------------------+-------------------------+-------------------------+-------------------------+
| 46 57 23 64 26 14 20 31 |  3 22 25 29 43 56 32 53 | 15  9 51 19 34 41 39 63 | 21 30 27  4  7 38 17 12 | 55 59  6  1 13 42 49 40 | 54 61  2  8 44 45 48 24 | 36 10 28  5 18 47 11 58 | 50 60 33 37 62 52 16 35 | 
| 43  3  5 52 54 28 50 32 | 61 27 55 26 41 13  9 34 |  8 53 14 12  2 64 11 36 | 63 16 62 42 47 44 35 18 | 33 20 23  4 38 51 17 19 | 60 31 22 59  6 15 56 40 | 37 29 48 49 39  7 25 45 | 46 58  1 21 24 57 30 10 | 
| 38 53 16 49  9 58  6 21 | 46 31  7  1 40 45 36 51 | 57 17 60 44 62 35 24 18 | 23  5 48 52 54 34 64 15 | 43 28 56 47 11 29 50 12 | 10 33  4 63 25 37 13 55 |  3 20 19 27 22 32 30 42 |  8 26 41  2 61 59 14 39 | 
| 47 11 55 17 13 44 60  2 | 58  8 14  6 63 24 18 50 |  4 45 59 10 32 28 30 27 | 20 26 22 51 36 25 61 49 |  3 39 48 21 37 31 34 54 | 29 42 52 16 19 46 41 35 | 64 12 33  1 57 23 38 62 |  9 53 43  7 15 56 40  5 | 
| 19  8  7 34 56 27 30 18 | 10 15 39  4 37 42 35 23 | 31 40  1 61 33 48 58 49 | 55 24 60 29 41  3  6 46 | 45 62 52  2 22 14 32 16 | 26 36 12  5 28 57 21 38 | 53 63 13 50  9 43 44 59 | 17 25 11 51 64 54 47 20 | 
| 62 29 33 63  4 15 42 22 | 48 60 30 49 44 38 59 64 | 23 46 50  7 43 52 26 47 | 32 45 39 19 57 37 56 40 | 61 10 41 35 18 25  5  8 |  3 17  1 53 58  9 11 20 | 16 24 51 31 54 21  2 14 | 36 27  6 12 13 55 28 34 | 
| 40 36  1 37 61 48 45 51 |  5 17 20 33 54 12 52 47 | 38 29 25 13 21 56 42 16 |  2 28 10 50 11 58 14 59 | 27 57 15 24 30 64  9 53 | 18 62 49 32 43 39 34  7 | 41 26  6 46 60 35  8 55 | 22 19 63 44 31  4  3 23 | 
| 25 10 41 39 35 12 59 24 | 21 28  2 62 19 16 11 57 | 54  6 37 20  3 22  5 55 | 33 31 53 43  8 13  9  1 | 63 26  7 46 44 36 58 60 | 47 30 14 51 50 64 23 27 | 40 52 34 17 56 61  4 15 | 29 18 42 45 48 32 49 38 | 
+-------------------------+-------------------------+-------------------------+-------------------------+-------------------------+-------------------------+-------------------------+-------------------------+
| 10 42 60 43 63 59 61 12 | 22  2  8 57  3 17 64 29 | 46 49 47 14 31 33 23 30 | 25 36 37 48 18 32 40 28 | 13 19 39 11 27 41 53 24 | 20 52 15 54 34 50 62  1 | 45  4  7 56 55 51 16  5 | 35 38 21 26  9 44 58  6 | 
| 35 44 20  4 14  6  8 19 | 45 55 50 30 23 59 63 26 | 62  7 16 24 12 25 52 51 | 39  9 64 10 34 31 13 21 | 36 60 32 37 61 15 54 48 | 17 53 43 18  3 33 58 47 |  2 28  1 42 29 38 22 41 | 57 46 27 49 40 11  5 56 | 
| 58  9 18  7 27 25  3 41 | 51 32 46  5 33 19 54 16 | 53 42 17  4 57 15 35 38 | 24  8 11 30 50  2 12 61 | 56 29 45 62 31 40 55 23 | 22 64 26 21 59  6 60 39 | 48 47 37 44 36 34 49 20 | 14  1 13 28 10 43 52 63 | 
|  5 51 29 26 34 13 52 30 | 11 56 49 39 14 53 48 43 |  9  1 27 58 19 18 64  2 | 60  7 15  6 63 47 38 55 | 28 35  8 10 20  3 44 50 | 16 25 61 45 57  4 36 41 | 59 46 12 21 40 24 62 23 | 33 32 54 17 37 22 31 42 | 
| 22 64 53 57 16  2 32 54 | 28 18 10 35  1  6 40 52 | 59 36 48 45 56 37 41 60 | 17 44 29 20 43 14 26 51 | 38 21 58 30 46  7 33 47 | 49  8  5 11 24 12 27 42 | 63 50 39  9 31 25 13 19 | 62 61 55 23  3 34 15  4 | 
| 33 37 17 38 23 31 39 48 | 62 25 13 61  9 47 20 60 | 28 43 26 55 54 11 29 21 | 27  3 52 45 42  5  1  4 | 34 22 57 59 63 49 18  2 | 32  7 56 40 46 30 14 44 | 58 64 53  6  8 10 15 35 | 24 16 12 19 51 36 41 50 | 
| 55 40 21 47 36  1 28 45 | 12  7 44 15 24 41 38 27 |  6 22 10 32 13  5 34 50 | 16 58 49 46 56 33 57 62 |  9 42 64 17 52  4 26 51 | 37 35 29 19 23 63 31 48 | 14  3 11 60 61 30 43 54 | 25  2  8 20 53 18 39 59 | 
| 11 62 24 56 46 50 15 49 | 36 21 42 34 31 37  4 58 |  3 61 39 63  8 40 20 44 | 59 19 41 22 53 54 23 35 | 12 25  5 14 43  1 16  6 | 55 28 51 38  2 13 10  9 | 18 17 26 57 52 27 33 32 | 47 48  7 64 29 30 45 60 | 
+-------------------------+-------------------------+-------------------------+-------------------------+-------------------------+-------------------------+-------------------------+-------------------------+
| 36 24 59 11 29 45 51 64 | 33  3 54 17  5 57 41  7 | 30  8 42 50 14 13 21 25 | 38 46 63 28 39 15 48 47 | 26 37 53 18  2 27 19 43 | 58 32 16 31  4 35 61 52 | 44 60 55 62  6 20 12 22 | 10  9 40 34  1 23 56 49 | 
| 31 61 19 12 17 54 44 52 | 18 38 28 24 32 25 23  6 | 48 20  7 29 39 62  9 22 | 64 53 50 21 58 49 30 27 |  1 33 16 40 34 10 11  3 | 57  2 63 43 42  5 59 60 | 15 14 56 47 45 41 51  4 | 55 13 37 46 26 35 36  8 | 
| 50  2 63 10 42 30 18 39 | 49 46 29 31 64 61 16 19 | 55 41 24 38 51 54 43  1 |  8 34  4 56 32 60 36 26 | 21 52 14 20 59  6 15 17 |  9 47 13 12 40 11 44 23 |  7 37 35 58 48  5  3 53 | 45 28 57 27 25 62 22 33 | 
| 20 14 47 21 40 37  1 62 | 56 59 12 45 26 11 44 55 | 35  3 53 31 28 63 49 33 | 18 57 54 17 19 29 16 41 | 48 58  9 50  4 60 13 46 | 36 27  6 22 10 34 24 51 | 39 43 25 64 30  8 23 38 | 52  5 15 61 42  2 32  7 | 
| 57 23 48 33  6 49 41 28 | 27 43 62 63  4 60  8 15 | 56 52  5 18 17 58 36 34 | 61 13  7 12 37 20 10 22 | 32 24 35 44 54 39 42 30 | 45  3 50 46 29 25 55 26 | 11  1 40  2 16 19  9 31 | 38 14 47 53 59 21 51 64 | 
| 15 35  8 22 60  5  7 25 | 47  9 40 50 39 52 34 48 | 10 64 45 57 61 23 44 26 | 43 55  1 24  2 11 42 14 | 31 41 51 63 49 62 38 36 | 33 19 54 20 37 56 30 53 | 46 32 21 18 13 28 59 27 |  4 12 58 16  6 17 29  3 | 
| 16 46 58  9 32 43 13 34 |  2 37 51 42 35 22 53 20 | 27 47 11 15  4 12 60 59 | 40 23 44  3 45  6 62 25 | 57 55 29 64 56 61 28  5 |  1 14 18 39 21  7 38  8 | 17 36 49 10 26 52 63 33 | 19 50 30 54 41 24 48 31 | 
| 56 38  3 27 53  4 26 55 |  1 58 21 10 13 30 14 36 | 16 19  2  6 37 32 40 46 | 35 59  9 31  5 51 52 33 | 23 12 22 45  7  8 47 25 | 48 15 64 41 62 49 17 28 | 61 57 42 24 34 50 54 29 | 20 44 18 39 63 60 11 43 | 
+-------------------------+-------------------------+-------------------------+-------------------------+-------------------------+-------------------------+-------------------------+-------------------------+
| 34 55 38 15 48 64 56 14 |  4 13 58 60  8 63 30 17 | 41 37  3  2 20 43 18 40 | 10 49 21  5 12 53 32 42 | 46  6  1 31 62  9 52 29 | 59 51 36 24 35 47 45 54 | 25 22 61 28 50 33 39  7 | 16 57 44 11 23 27 19 26 | 
|  7 16 50 54 45  3 29  4 | 15 10 43 14 34 36 55 61 | 44 25 33 60 35 39 56 57 | 52 47 31 27 62  8 63 58 | 49 11 19 22 12  5 24 64 | 46 23 32 48  9 21  1 17 | 26 40  2 37 53  6 20 30 | 51 41 59 18 28 42 38 13 | 
| 39 20 46  5 58 42 25  1 | 41 12 22 28 45 26 29 11 | 32 51 54 30 10  9 16 61 | 37  6 57 60 24 18  2 19 | 47 44 55 13 40 63  3 59 |  4 49 27 33  7 31 50 43 | 38 56 23 35 15 17 21 52 | 48 64 34 14 36 53  8 62 | 
| 53 32 12 36 44 10 19  9 | 64 23 56 21 46 27  1 18 | 47 59 34 26 29 42 45 24 | 22 43 61 38  3 41 51 39 | 60 14 20 25 35 48  7 28 | 15 40 57 13 30 58  2 16 | 31 11 62  8 63 54 55 49 |  6 33 52  5  4 50 37 17 | 
| 41 43 57 30 62 51 11 33 | 19 44  5 40 47 32 49  3 | 63 38 12 36 55 50 15  8 | 28 14 56  7 17 26 25 54 | 18 16  2 27 53 23  4 61 | 64 37 42 60 22 52  6 34 | 29 59 45 48 10  1 24 13 | 39 31 20  9 58 46 35 21 | 
| 23 17 13 35 59 22 24 63 | 38  6 52 37 25 31 42 39 | 49 58 21 27 53  7 14 48 | 50 40 20 16 33 64 46 29 | 41 54 30 51 32 43 10 26 | 11 56 62 61 18  8 28 19 |  5  9 44 34  4 57 60 36 |  1  3  2 15 55 45 12 47 | 
|  6 47 40  8 28 26 49 37 |  9 16 35  2 59 51 24 54 | 13 62 31 52  1  4 46 17 | 48 11 23 36 30 45 34 44 | 39 15 50 58 21 38 57 33 | 41 63 55 29  5 20 53 14 | 19 27 43  3 64 12 42 18 |  7 56 22 60 32 25 10 61 | 
| 18 27 52 61 31 21  2 60 | 50 53 33 20  7 48 57 62 | 64 11 23 22  5  6 28 19 | 15  1 35  9 59 55  4 13 | 42 17 34  8 36 45 56 37 | 12 38 44 26 39  3 25 10 | 47 16 41 51 32 58 14 46 | 43 63 29 24 49 40 54 30 | 
+-------------------------+-------------------------+-------------------------+-------------------------+-------------------------+-------------------------+-------------------------+-------------------------+
